.42967457;.23510841;.14584094;.1095177;.0798584
.23678327;.2970098;.22292526;.14316985;.10011181
.13572066;.22846366;.26811892;.22021054;.14748621
.091928467;.1498404;.23742515;.2852827;.23552328
.070467219;.10288685;.16295342;.25482562;.40886691
.42842963;.23542024;.14611399;.10988767;.080148481
.23586783;.29711479;.22312564;.14351392;.10037784
.1350989;.2283804;.26816735;.22058135;.147772
.091461256;.14971036;.23734841;.28561917;.23586081
.070082001;.10275784;.16283783;.25502762;.40929469
.42718539;.23573087;.14638655;.11025814;.080439061
.23495467;.29721823;.223325;.14385808;.10064404
.13447946;.22829624;.26821467;.2209519;.14805774
.090996101;.14957991;.23727089;.28595507;.23619802
.069698676;.1026287;.16272184;.25522906;.40972173
.42594182;.23604031;.14665863;.1106291;.08073014
.23404382;.29732013;.22352338;.14420228;.1009104
.13386232;.22821118;.2682609;.22132216;.14834343
.090533011;.14944907;.2371926;.28629041;.23653491
.069317251;.10249941;.16260546;.25542986;.41014799
.42469901;.23634852;.14693019;.11100055;.081021726
.23313527;.2974205;.22372074;.14454655;.10117695
.13324746;.22812523;.26830608;.22169216;.14862907
.090071976;.14931785;.23711354;.28662515;.23687148
.068937704;.10236999;.1624887;.25563011;.41057351
.42345691;.23665553;.14720125;.11137249;.081313804
.23222902;.29751933;.2239171;.14489087;.10144366
.13263491;.22803839;.26835018;.22206187;.14891465
.089612983;.14918624;.23703371;.28695935;.23720774
.068560041;.10224044;.16237153;.25582975;.41099826
.42221555;.23696132;.14747182;.11174491;.081606381
.23132509;.29761663;.22411247;.14523527;.10171054
.13202463;.22795066;.26839319;.22243132;.14920019
.089156032;.14905424;.23695311;.28729296;.23754367
.068184249;.10211074;.16225398;.2560288;.41142225
.42097497;.23726588;.14774187;.11211781;.081899449
.23042347;.29771242;.22430681;.14557971;.10197759
.13141663;.22786206;.26843515;.22280048;.14948568
.088701114;.14892186;.23687175;.287626;.23787929
.067810312;.10198092;.16213605;.25622725;.41184548
.41973516;.23756921;.1480114;.11249118;.082193017
.22952415;.29780668;.22450016;.14592421;.10224481
.13081092;.22777259;.26847604;.22316936;.14977111
.088248223;.14878911;.23678961;.28795844;.2382146
.067438237;.10185097;.16201772;.25642511;.41226795
.41849616;.23787132;.14828041;.11286503;.082487062
.22862715;.2978994;.22469249;.14626876;.10251219
.13020746;.22768223;.26851586;.22353795;.15005648
.087797359;.14865598;.23670673;.28829035;.23854958
.067068011;.10172089;.16189902;.2566224;.41268966
.41725796;.23817217;.1485489;.11323935;.082781598
.22773246;.29799062;.22488384;.14661336;.10277973
.12960629;.22759102;.26855463;.22390628;.15034181
.087348506;.14852248;.23662311;.28862166;.23888424
.066699624;.10159069;.16177994;.2568191;.41311064
.4160206;.23847178;.14881687;.11361413;.083076626
.22684011;.2980803;.22507416;.14695799;.10304744
.12900737;.22749893;.2685923;.22427431;.15062708
.086901657;.14838862;.23653872;.28895241;.23921859
.06633307;.10146036;.16166049;.25701523;.41353086
.41478407;.23877013;.14908428;.11398938;.083372131
.22595008;.29816845;.22526348;.14730269;.10331531
.12841071;.22740598;.26862895;.22464205;.1509123
.086456813;.14825438;.23645359;.28928259;.23955262
.065968342;.10132992;.16154067;.25721076;.41395032
.41354838;.23906723;.14935118;.11436509;.083668113
.22506237;.29825509;.22545178;.14764743;.10358334
.12781632;.22731218;.26866454;.22500953;.15119745
.086013965;.14811979;.23636772;.2896122;.23988631
.065605432;.10119934;.16142048;.25740573;.41436902
.41231358;.23936307;.14961752;.11474125;.083964579
.22417699;.2983402;.22563908;.14799219;.10385152
.12722416;.22721751;.26869908;.22537671;.15148255
.085573107;.14798483;.23628111;.28994125;.24021971
.065244339;.10106866;.16129991;.2576001;.41478699
.41107965;.23965764;.14988331;.11511787;.084261514
.22329395;.29842383;.22582537;.14833702;.10411986
.12663426;.22712199;.26873255;.22574359;.1517676
.085134238;.14784952;.23619376;.2902697;.24055278
.06488505;.10093786;.16117899;.2577939;.4152042
.40984663;.23995094;.15014857;.11549493;.084558934
.22241323;.2985059;.22601064;.14868186;.10438836
.1260466;.22702563;.268765;.22611021;.15205258
.084697336;.14771384;.23610568;.29059762;.24088553
.064527556;.10080694;.16105771;.25798711;.41562068
.40861452;.24024296;.15041326;.11587244;.084856816
.22153485;.29858649;.2261949;.14902675;.10465701
.12546118;.22692843;.26879638;.22647652;.15233751
.084262408;.14757782;.23601687;.29092494;.24121797
.064171851;.10067592;.16093607;.25817975;.4160364
.40738335;.24053369;.1506774;.1162504;.085155174
.22065879;.29866555;.22637816;.14937167;.10492581
.12487798;.22683038;.26882672;.22684255;.15262236
.08382944;.14744145;.23592734;.29125169;.24155007
.063817933;.10054478;.16081408;.25837183;.41645139
.40615311;.24082315;.15094095;.11662879;.085453995
.21978509;.2987431;.2265604;.14971663;.10519477
.12429702;.22673149;.26885605;.22720829;.15290716
.083398432;.14730473;.23583707;.29157788;.24188188
.063465789;.10041354;.16069172;.25856331;.41686565
.40492386;.24111129;.15120396;.11700761;.085753284
.21891372;.29881915;.22674163;.15006161;.10546388
.12371828;.22663178;.2688843;.22757374;.15319191
.082969375;.14716767;.2357461;.2919035;.24221335
.063115418;.10028219;.16056903;.25875422;.41727912
.40369555;.24139816;.15146638;.11738687;.086053029
.2180447;.29889372;.22692184;.15040661;.10573313
.12314177;.22653122;.26891154;.22793889;.15347658
.082542263;.14703026;.2356544;.29222858;.2425445
.062766805;.10015074;.16044597;.25894457;.41769192
.40246823;.24168372;.15172824;.11776656;.086353242
.21717802;.29896674;.22710104;.15075165;.10600253
.12256746;.22642983;.26893774;.22830375;.15376121
.082117088;.14689252;.235562;.29255307;.24287534
.062419944;.10001919;.16032258;.25913435;.41810393
.40124193;.24196796;.15198952;.11814667;.086653911
.21631368;.29903829;.22727925;.15109672;.10627208
.12199537;.22632764;.26896292;.22866832;.15404576
.081693843;.14675444;.23546888;.29287699;.24320586
.062074833;.099887535;.16019885;.25932357;.41851521
.40001664;.2422509;.1522502;.1185272;.086955041
.21545169;.29910833;.22745642;.15144178;.10654178
.12142548;.22622462;.26898706;.22903259;.15433025
.08127252;.14661603;.23537506;.29320031;.24353606
.061731461;.099755786;.16007477;.25951222;.41892576
.39879239;.24253254;.1525103;.11890816;.087256618
.21459205;.29917687;.22763258;.15178689;.10681161
.12085779;.22612078;.26901019;.22939657;.15461467
.080853119;.1464773;.23528053;.2935231;.24386594
.061389823;.099623933;.15995036;.2597003;.4193356
.39756918;.24281283;.1527698;.11928952;.087558649
.21373476;.29924393;.22780773;.152132;.10708159
.1202923;.22601613;.2690323;.22976024;.15489903
.080435634;.14633822;.23518531;.29384533;.24419551
.061049912;.099491991;.15982561;.25988778;.4197447
.39634705;.24309181;.15302873;.1196713;.087861128
.21287982;.29930946;.22798185;.15247715;.10735171
.119729;.22591068;.26905337;.23012364;.15518333
.080020048;.14619882;.23508938;.29416698;.24452475
.060711719;.099359959;.15970053;.26007473;.42015305
.39512599;.24336946;.15328702;.12005349;.088164054
.21202724;.29937354;.22815497;.15282229;.10762198
.11916789;.2258044;.26907343;.23048672;.15546755
.079606369;.14605911;.23499277;.29448807;.24485368
.06037524;.099227838;.15957512;.26026112;.42056069
.393906;.24364577;.15354474;.12043608;.088467427
.21117701;.29943609;.22832708;.15316744;.10789238
.11860896;.22569734;.26909247;.23084952;.15575171
.079194576;.14591908;.23489547;.2948086;.24518228
.060040463;.09909562;.15944938;.26044694;.42096758
.39268714;.24392074;.15380183;.12081907;.088771239
.21032913;.29949719;.22849816;.15351261;.10816292
.11805221;.22558948;.2691105;.23121201;.1560358
.078784667;.14577873;.23479748;.29512858;.24551056
.059707385;.09896332;.15932333;.26063222;.42137375
.39146939;.24419436;.15405831;.12120245;.089075491
.20948361;.29955676;.22866823;.1538578;.10843359
.11749762;.22548082;.26912755;.23157419;.15631983
.078376643;.14563806;.2346988;.29544798;.24583854
.059375994;.098830938;.15919694;.2608169;.42177922
.39025277;.24446665;.15431418;.12158623;.089380182
.20864044;.29961488;.2288373;.15420298;.1087044
.11694521;.22537138;.26914355;.23193608;.15660377
.07797049;.14549708;.23459944;.2957668;.24616618
.059046291;.098698467;.15907024;.26100105;.42218393
.38903731;.24473758;.15456942;.1219704;.089685313
.20779964;.2996715;.22900534;.15454817;.10897534
.11639496;.22526114;.26915857;.23229767;.15688765
.077566206;.14535579;.23449941;.29608506;.24649352
.05871826;.098565921;.15894322;.26118466;.42258793
.38782299;.24500714;.15482403;.12235496;.089990869
.2069612;.29972667;.22917236;.15489337;.10924641
.11584686;.22515011;.26917261;.23265895;.15717147
.077163786;.1452142;.23439871;.29640278;.24682052
.058391903;.098433286;.15881589;.26136768;.42299122
.38660985;.24527535;.15507802;.1227399;.090296857
.20612513;.29978034;.22933836;.15523855;.10951762
.11530092;.2250383;.26918563;.23301993;.15745521
.076763213;.1450723;.23429734;.29671994;.24714722
.058067206;.098300584;.15868825;.26155016;.42339379
.38539794;.2455422;.15533139;.12312522;.090603277
.20529141;.29983255;.22950336;.15558375;.10978895
.11475713;.22492573;.26919764;.23338062;.15773888
.076364495;.14493011;.23419529;.2970365;.2474736
.057744164;.098167799;.15856029;.2617321;.42379564
.38418719;.24580768;.1555841;.12351091;.090910122
.20446004;.29988328;.22966734;.15592894;.11006042
.11421548;.22481237;.26920867;.23374099;.15802248
.07596761;.14478761;.23409259;.29735252;.24779965
.057422772;.098034941;.15843204;.26191348;.42419678
.38297769;.24607177;.15583618;.12389697;.091217391
.20363104;.29993254;.22983029;.15627412;.110332
.11367597;.22469825;.26921871;.23410106;.158306
.075572565;.14464481;.23398924;.29766798;.24812539
.057103023;.097902007;.15830347;.26209432;.4245972
.38176939;.24633449;.15608762;.12428341;.091525078
.20280442;.29998031;.22999224;.1566193;.11060373
.11313859;.22458336;.26922777;.23446083;.15858945
.075179346;.14450173;.23388521;.2979829;.24845082
.056784905;.097769007;.1581746;.26227459;.42499688
.38056237;.24659583;.15633841;.12467021;.091833189
.20198014;.30002666;.23015317;.15696447;.11087556
.11260334;.22446771;.26923582;.23482028;.15887284
.074787952;.14435835;.23378053;.29829723;.24877591
.05646842;.09763594;.15804544;.2624543;.42539588
